  2,  0,  4,  4,  5,255, 22,255,  0, 15,  9, 10
  0,  0,  0,  0,  0,  1,  0,  0,  0,  0,  0,  0
  0, 29,  0,  0,  0,  0,  0,  0,  0,  0,  0,  0
 67,255,  0,  0,  0,  0,  0,  0,  0,  0,  0,  0
255,255,255,255,255,  6,214,110,255,255,255,255
255,255,255,255,255,255,255,255,255,255,255,255
255,255,255,255,255,255,255,255,255,255,255,255
255,  0,255,255,255,255,255,255,255,255,255,255
  0,  0,  5, 11,  1,255, 85, 22,  0, 29, 26,  0
  0,  0,  0,  0,  0,  2,  0,  0,  0,  0,  0,  0
  1,255,  0,  0,  0,  0,  0,  0,  0,  0,  0,  0
243,255,  0,  0, 36,  0,  0,  0,  0,  0,  0,  3
255,255,255,255,255,  6,231,255,255,255,255,255
255,255,255,255,255,255,255,255,255,255,255,255
255,255,255,255,255,255,255,255,255,255,255,255
